Initial positions 
0.500 0.500, 1.000 1.366, 1.500 0.500, 2.000 1.366, 2.500 0.500, 3.000 1.366, 3.500 0.500, 4.000 1.366, 4.500 0.500, 0.500 2.232, 1.000 3.098, 1.500 2.232, 2.000 3.098, 2.500 2.232, 3.000 3.098, 3.500 2.232, 4.000 3.098, 4.500 2.232, 0.500 3.964, 1.500 3.964, 2.500 3.964, 3.500 3.964, 4.500 3.964, 
 Initial forces with small time_step 
0.435 0.170, 0.517 0.971, 1.001 1.733, 0.919 0.839, 0.000 1.094, -1.805 0.153, -1.152 1.471, -0.517 0.123, -0.435 1.018, 1.268 -0.424, 1.099 -0.810, 1.386 -0.161, 0.337 0.695, 1.189 -0.161, 1.434 -0.153, -1.386 -1.009, -1.251 -0.547, -1.419 0.686, 0.866 -0.594, -0.036 -1.310, -0.734 -1.196, -0.849 -1.149, -0.866 -1.442, 
 Forces at 0.01 with small time_step 
0.477 0.198, 0.595 0.580, 0.536 1.233, 0.408 0.757, -0.197 0.440, -0.689 0.291, -0.685 0.876, -0.571 0.278, -0.352 0.818, 0.970 -0.157, 0.826 -0.691, 0.979 0.135, 0.523 -0.206, 0.403 0.262, 0.244 -0.360, -0.637 -0.545, -0.793 -0.513, -1.045 0.309, 0.486 -0.612, 0.109 -0.751, -0.257 -0.571, -0.599 -0.498, -0.733 -1.271, 
 Positions at 0.01 with small time_step 
0.504 0.502, 1.006 1.374, 1.509 0.516, 2.006 1.374, 2.499 0.508, 2.988 1.368, 3.490 0.513, 3.994 1.368, 4.496 0.509, 0.512 2.229, 1.010 3.090, 1.514 2.232, 2.006 3.100, 2.508 2.235, 3.008 3.095, 3.490 2.222, 3.990 3.092, 4.486 2.238, 0.508 3.958, 1.500 3.954, 2.495 3.954, 3.492 3.955, 4.492 3.950, 
 Initial forces with larger time_step 
0.435 0.170, 0.517 0.971, 1.001 1.733, 0.919 0.839, 0.000 1.094, -1.805 0.153, -1.152 1.471, -0.517 0.123, -0.435 1.018, 1.268 -0.424, 1.099 -0.810, 1.386 -0.161, 0.337 0.695, 1.189 -0.161, 1.434 -0.153, -1.386 -1.009, -1.251 -0.547, -1.419 0.686, 0.866 -0.594, -0.036 -1.310, -0.734 -1.196, -0.849 -1.149, -0.866 -1.442, 
 Forces at 0.01 with larger time_step 
0.485 0.204, 0.891 0.257, 0.489 1.353, -0.393 0.745, -0.323 0.090, 0.392 0.137, -0.643 0.893, -0.980 0.582, -0.295 0.711, 0.877 0.068, 0.528 -0.923, 1.328 0.313, 1.404 -1.371, -0.382 1.491, -0.955 -0.806, -0.002 -0.835, -0.252 -0.681, -1.247 0.325, 0.460 -0.620, -0.085 -0.266, 0.053 -0.323, -0.552 -0.031, -0.796 -1.314, 
 Positions at 0.01 with larger time_step 
0.504 0.502, 1.005 1.376, 1.510 0.517, 2.009 1.374, 2.500 0.511, 2.982 1.368, 3.488 0.515, 3.995 1.367, 4.496 0.510, 0.513 2.228, 1.011 3.090, 1.514 2.230, 2.003 3.105, 2.512 2.230, 3.014 3.097, 3.486 2.222, 3.987 3.093, 4.486 2.239, 0.509 3.958, 1.500 3.951, 2.493 3.952, 3.492 3.953, 4.491 3.950, 